1570187427893
1570187427974
1570187428060
1570187428127
1570187428217
1570187428339
1570187428447
1570187428522
1570187428573
1570187428626
1570187428768
1570187428874
1570187428964
1570187429085
1570187429223
1570187429596
1570187429801
1570187429949
1570187430133
1570187430269
1570187430705
1570187431020
1570187431351
1570187431744
1570187432073
1570187434695
1570187447049
1570187448903
1570187450827
1570187452691
1570187457227
1570187461874
1570187466413
1570187471042
1570187475519
1570187485902
1570187565337
1570187709920
1570189140455
1570189157831
1570189396974
1570189406624
1570189453798
1570189470680
1570189487501
