1570187427538
1570187427910
1570187428010
1570187428090
1570187428158
1570187428242
1570187428361
1570187428453
1570187428529
1570187428577
1570187428631
1570187428774
1570187428878
1570187428968
1570187429089
1570187429229
1570187429601
1570187429806
1570187429953
1570187430139
1570187430275
1570187430710
1570187431026
1570187431356
1570187431749
1570187432077
1570187434703
1570187447060
1570187448907
1570187450833
1570187452697
1570187457233
1570187461880
1570187466418
1570187471047
1570187475524
1570187485908
1570187565349
1570189122472
1570189140470
1570189386730
1570189396991
1570189436269
1570189453812
1570189470692
